date, request
2025-09-11 16:30:35.421985134 ,/?wtd=LKWS0D58xnCM70qb
2025-09-11 16:30:35.434702587 ,/cartographie
2025-09-11 16:30:35.516371725 ,/resources/themes/bootstrap/5/main.css
2025-09-11 16:30:35.517721951 2025-09-11 16:30:35.517776387 ,/resources/themes/default/wt.css
,/resources/moz-transitions.css
2025-09-11 16:30:35.518723674 ,/style/dragdrop.css
2025-09-11 16:30:35.518976821 ,/style/everywidget.css
2025-09-11 16:30:35.519518837 ,/style/combostyle.css
2025-09-11 16:30:35.519981182 ,/style/pygments.css
2025-09-11 16:30:35.521562897 ,/style/filedrop.css
2025-09-11 16:30:35.521931033 ,/style/form.css
2025-09-11 16:30:35.522881398 ,/resources/jPlayer/skin/jplayer.blue.monday.css
2025-09-11 16:30:35.523146461 ,/style/widgetgallery.css
2025-09-11 16:30:35.524090042 ,/style/style.css
2025-09-11 16:30:35.524756795 ,/resources/themes/bootstrap/5/bootstrap.bundle.min.js
2025-09-11 16:30:35.524785693 ,/jslib/v6.4.3-dist/ol.css
2025-09-11 16:30:35.526287461 ,/jslib/v6.4.3-dist/ol.js
2025-09-11 16:30:35.527281016 ,/jslib/proj4js-2.6.1/dist/proj4.js
2025-09-11 16:30:35.527969986 ,/jslib/proj4js-2.6.1/dist/proj4-src.js
2025-09-11 16:30:35.54287282 ,/resources/eye_visible.png
2025-09-11 16:30:35.6665833 ,/cartographie?wtd=BxJJFcJ7jNYYfQvm&sid=2455597397&webGL=true&scrW=1920&scrH=1080&tz=120&tzS=Europe%2FBrussels&htmlHistory=true&deployPath=%2F&request=script&rand=2260367167
2025-09-11 16:30:35.675319145 ,/resources/DJI_0497_navbar.JPG
2025-09-11 16:30:35.67626348 ,/resources/layers_filled_icon_149920.png
2025-09-11 16:30:35.677245707 ,/resources/problem_analysis_icon_149897.png
2025-09-11 16:30:35.678301565 ,/resources/user_icon_149851.png
2025-09-11 16:30:35.681231835 ,/resources/right_angle_circle_icon_149877.png
2025-09-11 16:30:35.681966541 ,/resources/warehouse_check_icon_149849.png
2025-09-11 16:30:35.682471601 ,/resources/incoming_inspection_icon_149926.png
2025-09-11 16:30:35.683370066 ,/resources/product_bom_icon_149894.png
2025-09-11 16:30:35.684073995 ,/resources/position-logo.png
2025-09-11 16:30:35.684600962 ,/resources/stat-logo.png
2025-09-11 16:30:35.698956605 ,/favicon.ico
2025-09-11 16:30:35.738496169 ,/resources/ajax-loading.gif
2025-09-11 16:30:35.741687802 ,/cartographie?wtd=BxJJFcJ7jNYYfQvm&request=resource&resource=ojap2ev&ver=1
2025-09-11 16:30:35.742648436 ,/resources/themes/bootstrap/5/nav-plus.gif
2025-09-11 16:30:35.743110811 ,/resources/themes/bootstrap/5/nav-minus.gif
2025-09-11 16:30:35.755271042 ,/img/forestimatorArt.jpg
2025-09-11 16:30:35.756238685 ,/img/popupLegende.png
2025-09-11 16:30:35.756671278 ,/img/tableApt.png
2025-09-11 16:30:35.757444463 ,/img/ecogramme.png
2025-09-11 16:30:35.757866035 ,/img/importShp.png
2025-09-11 16:30:36.506601593 ,/?wtd=BxJJFcJ7jNYYfQvm
2025-09-11 16:30:36.514668566 ,/?wtd=BxJJFcJ7jNYYfQvm
2025-09-11 16:30:39.631618585 ,/?wtd=BxJJFcJ7jNYYfQvm
2025-09-11 16:30:39.646779217 ,/resources/font-awesome/css/font-awesome.min.css
2025-09-11 16:30:39.652004456 ,/?wtd=BxJJFcJ7jNYYfQvm
2025-09-11 16:30:40.642178698 ,/?wtd=BxJJFcJ7jNYYfQvm
2025-09-11 16:30:40.651977571 ,/?wtd=BxJJFcJ7jNYYfQvm
2025-09-11 16:30:41.612644081 ,/?wtd=BxJJFcJ7jNYYfQvm
2025-09-11 16:30:41.621043797 ,/resources/resizable.png
2025-09-11 16:30:41.622641597 ,/resources/line-last.gif
2025-09-11 16:30:41.625195924 ,/resources/line-trunk.gif
2025-09-11 16:30:41.631809883 ,/?wtd=BxJJFcJ7jNYYfQvm
2025-09-11 16:30:41.643495331 ,/?wtd=BxJJFcJ7jNYYfQvm
2025-09-11 16:30:42.721225114 ,/?wtd=BxJJFcJ7jNYYfQvm
2025-09-11 16:30:42.728013577 ,/?wtd=BxJJFcJ7jNYYfQvm
2025-09-11 16:30:44.298775401 ,/?wtd=BxJJFcJ7jNYYfQvm
2025-09-11 16:30:44.315823391 ,/cartographie?wtd=BxJJFcJ7jNYYfQvm&request=resource&resource=ojap2ev&ver=2
2025-09-11 16:30:44.316762524 ,/?wtd=BxJJFcJ7jNYYfQvm
2025-09-11 16:30:44.386182401 ,/?wtd=BxJJFcJ7jNYYfQvm
2025-09-11 16:30:44.641740614 ,/?wtd=BxJJFcJ7jNYYfQvm
2025-09-11 16:30:44.681345977 ,/tmp/wtY9XOrH-epioux_sample_UTM.geojson
2025-09-11 16:30:45.625129273 ,/?wtd=BxJJFcJ7jNYYfQvm
2025-09-11 16:30:45.638738412 ,/?wtd=BxJJFcJ7jNYYfQvm
2025-09-11 16:30:46.167077813 ,/?wtd=BxJJFcJ7jNYYfQvm
2025-09-11 16:30:46.179518826 ,/?wtd=BxJJFcJ7jNYYfQvm
2025-09-11 16:30:46.641114695 ,/?wtd=BxJJFcJ7jNYYfQvm
2025-09-11 16:30:46.663579907 ,/?wtd=BxJJFcJ7jNYYfQvm
2025-09-11 16:30:48.322516499 ,/?wtd=BxJJFcJ7jNYYfQvm
2025-09-11 16:30:48.328723105 ,/?wtd=BxJJFcJ7jNYYfQvm
2025-09-11 16:30:48.44094797 ,/?wtd=BxJJFcJ7jNYYfQvm
2025-09-11 16:30:48.453320225 ,/?wtd=BxJJFcJ7jNYYfQvm
2025-09-11 16:30:49.708685229 ,/?wtd=BxJJFcJ7jNYYfQvm
2025-09-11 16:30:49.724533198 ,/?wtd=BxJJFcJ7jNYYfQvm
2025-09-11 16:30:49.728815287 ,/?wtd=BxJJFcJ7jNYYfQvm
2025-09-11 16:30:52.381444206 ,/?wtd=BxJJFcJ7jNYYfQvm
2025-09-11 16:30:52.438315225 ,/resources/user_icon_logout.png
2025-09-11 16:30:52.446145212 ,/?wtd=Ca0xRgnScOkuIGgt
2025-09-11 16:30:53.752365597 ,/?wtd=Ca0xRgnScOkuIGgt
2025-09-11 16:30:53.761156452 ,/?wtd=Ca0xRgnScOkuIGgt
2025-09-11 16:30:53.765799386 ,/?wtd=Ca0xRgnScOkuIGgt
2025-09-11 16:30:53.869544435 ,/?wtd=Ca0xRgnScOkuIGgt
2025-09-11 16:30:53.879534193 ,/?wtd=Ca0xRgnScOkuIGgt
2025-09-11 16:30:54.955788649 ,/?wtd=Ca0xRgnScOkuIGgt
2025-09-11 16:30:54.962465451 ,/?wtd=Ca0xRgnScOkuIGgt
2025-09-11 16:31:44.963359975 ,/?wtd=Ca0xRgnScOkuIGgt
2025-09-11 16:32:39.832110068 ,/?wtd=Ca0xRgnScOkuIGgt
2025-09-11 16:33:31.274180527 ,/?wtd=Ca0xRgnScOkuIGgt
